btio-pnetcdf-1.1.1 100-100-100-2 198.79 38.15 0.19 149.83 38.15 0.25 
btio-pnetcdf-1.1.1 100-100-100-2 198.79 38.15 0.19 149.83 38.15 0.25 
btio-pnetcdf-1.1.1 200-200-200-2 592.55 305.18 0.52 332.70 305.18 0.92 
btio-pnetcdf-1.1.1 300-300-300-2 620.50 1029.97 1.66 408.50 1029.97 2.52 
btio-pnetcdf-1.1.1 400-400-400-2 681.93 2441.41 3.58 300.85 2441.41 8.12 
btio-pnetcdf-1.1.1 500-500-500-2 584.40 4768.37 8.16 625.41 4768.37 7.62 
btio-pnetcdf-1.1.1 100-100-100-8 657.16 38.15 0.06 104.40 38.15 0.37 
btio-pnetcdf-1.1.1 200-200-200-8 780.87 305.18 0.39 235.48 305.18 1.30 
btio-pnetcdf-1.1.1 300-300-300-8 733.16 1029.97 1.40 356.01 1029.97 2.89 
btio-pnetcdf-1.1.1 400-400-400-8 364.33 2441.41 6.70 469.06 2441.41 5.20 
btio-pnetcdf-1.1.1 500-500-500-8 881.40 4768.37 5.41 350.87 4768.37 13.59 
btio-pnetcdf-1.1.1 500-500-500-4 677.41 4768.37 7.04 589.86 4768.37 8.08
btio-pnetcdf-1.1.1 400-400-400-4 702.10 2441.41 3.48 444.85 2441.41 5.49
btio-pnetcdf-1.1.1 300-300-300-4 539.79 1029.97 1.91 349.87 1029.97 2.94
btio-pnetcdf-1.1.1 200-200-200-4 623.78 305.18 0.49 291.56 305.18 1.05
btio-pnetcdf-1.1.1 100-100-100-4 443.44 38.15 0.09 293.21 38.15 0.13
btio-pnetcdf-1.1.1 100-100-100-16 553.20 38.15 0.07 359.97 38.15 0.11
btio-pnetcdf-1.1.1 200-200-200-16 349.15 305.18 0.87 409.15 305.18 0.75
btio-pnetcdf-1.1.1 300-300-300-16 841.57 1029.97 1.22 327.41 1029.97 3.15
btio-pnetcdf-1.1.1 400-400-400-16 674.59 2441.41 3.62 398.36 2441.41 6.13
btio-pnetcdf-1.1.1 500-500-500-16 746.37 4768.37 6.39 399.76 4768.37 11.93
