S3D-IO 100-100-100-2-2-4-1 551.25 0.12 0.22 379.98 0.60 1.61 0.06 0.03
S3D-IO 100-100-200-2-2-4-1 553.43 0.24 0.44 421.23 1.19 2.90 0.08 0.04
S3D-IO 100-200-200-2-2-4-1 579.56 0.48 0.84 438.04 2.38 5.57 0.06 0.05
S3D-IO 200-200-200-2-2-4-1 670.62 0.95 1.46 599.62 4.77 8.14 0.31 0.07
S3D-IO 100-100-400-2-2-4-1 585.58 0.48 0.83 421.16 2.38 5.80 0.21 0.06
S3D-IO 100-200-400-2-2-4-1 115.74 0.95 8.44 449.97 4.77 10.85 0.20 0.09
S3D-IO 200-200-400-2-2-4-1 646.90 1.91 3.02 551.56 9.54 17.71 0.46 0.07
S3D-IO 200-200-400-2-2-4-1 728.84 1.91 2.68 564.76 9.54 17.29 0.61 0.07
S3D-IO 200-400-400-2-2-4-1 626.34 3.81 6.24 537.11 19.07 36.36 0.60 0.08
S3D-IO 100-400-400-2-2-4-1 595.63 1.91 3.28 210.16 9.54 46.47 1.37 0.06
S3D-IO 400-400-400-2-2-4-1
S3D-IO 100-100-100-2-4-4-1 497.11 0.12 0.25 411.52 0.60 1.48 0.07 0.03
S3D-IO 100-100-200-2-4-4-1
S3D-IO 100-200-200-2-4-4-1 699.39 0.48 0.70 442.02 2.38 5.52 0.09 0.05
S3D-IO 200-200-200-2-4-4-1 641.23 0.95 1.52 528.97 4.77 9.23 0.11 0.04
S3D-IO 100-100-400-2-4-4-1 574.93 0.48 0.85 462.42 2.38 5.28 0.07 0.05
S3D-IO 100-200-400-2-4-4-1 682.00 0.95 1.43 472.92 4.77 10.32 0.06 0.06
S3D-IO 200-200-400-2-4-4-1 764.71 1.91 2.55 436.41 9.54 22.38 0.08 0.06
S3D-IO 200-200-400-2-4-4-1 709.28 1.91 2.75 477.59 9.54 20.45 0.27 0.05
S3D-IO 200-400-400-2-4-4-1 778.74 3.81 5.02 587.26 19.07 33.26 0.11 0.05
S3D-IO 100-400-400-2-4-4-1
S3D-IO 400-400-400-2-4-4-1 833.96 7.63 9.37 372.40 38.15 104.89 0.15 0.06
S3D-IO 100-100-100-4-4-4-1 523.41 0.12 0.23 214.24 0.60 2.85 0.08 0.02
S3D-IO 100-100-200-4-4-4-1 641.91 0.24 0.38 276.46 1.19 4.42 0.11 0.03
S3D-IO 100-200-200-4-4-4-1 581.00 0.48 0.84 378.96 2.38 6.44 0.30 0.05
S3D-IO 200-200-200-4-4-4-1 312.38 0.95 3.13 341.88 4.77 14.28 0.12 0.06
S3D-IO 100-100-400-4-4-4-1 892.64 0.48 0.55 216.36 2.38 11.28 0.09 0.05
S3D-IO 100-200-400-4-4-4-1
S3D-IO 200-200-400-4-4-4-1 329.93 1.91 5.92 383.05 9.54 25.49 0.13 0.05
S3D-IO 200-200-400-4-4-4-1 814.15 1.91 2.40 343.06 9.54 28.47 0.08 0.05
S3D-IO 200-400-400-4-4-4-1 935.43 3.81 4.18 344.40 19.07 56.71 0.07 0.08
S3D-IO 100-400-400-4-4-4-1 901.59 1.91 2.17 459.21 9.54 21.27 0.12 0.06
S3D-IO 400-400-400-4-4-4-1 904.02 7.63 8.64 443.51 38.15 88.08 0.10 0.07
S3D-IO 100-100-200-4-4-8-1
S3D-IO 100-200-200-4-4-8-1
S3D-IO 200-200-200-4-4-8-1
S3D-IO 100-100-400-4-4-8-1
S3D-IO 100-200-400-4-4-8-1
S3D-IO 200-200-400-4-4-8-1
S3D-IO 200-200-400-4-4-8-1
S3D-IO 200-400-400-4-4-8-1
S3D-IO 100-400-400-4-4-8-1
S3D-IO 400-400-400-4-4-8-1
