S3D-IO 100-100-200-2-2-4-1 0.00 0.00 0.00 434.64 0.72 1.69 0.02 0.01 2097152 9 enable enable 
S3D-IO 100-100-200-2-2-4-1 665.14 0.24 0.37 390.04 0.72 1.88 0.04 0.03 1048576 7 disable enable 
S3D-IO 100-100-200-2-2-4-1 608.49 0.24 0.40 383.12 0.72 1.91 0.04 0.03 1048576 7 enable enable 
S3D-IO 100-100-200-2-2-4-1 653.68 0.24 0.37 340.56 0.72 2.15 0.04 0.03 1048576 4 disable enable 
S3D-IO 100-100-200-2-2-4-1 503.75 0.24 0.49 599.84 0.72 1.22 0.04 0.03 16777216 5 enable disable 
S3D-IO 100-100-200-2-2-4-1 514.25 0.24 0.48 373.92 0.72 1.96 0.04 0.03 8388608 1 disable enable 
S3D-IO 100-100-200-2-2-4-1 559.58 0.24 0.44 372.68 0.72 1.97 0.03 0.03 1048576 7 disable enable 
S3D-IO 100-100-200-2-2-4-1 671.88 0.24 0.36 610.49 0.72 1.20 0.04 0.03 8388608 9 disable disable 
S3D-IO 100-100-200-2-2-4-1 482.29 0.24 0.51 466.70 0.72 1.57 0.04 0.03 8388608 4 enable disable 
S3D-IO 100-100-200-2-2-4-1 631.33 0.24 0.39 446.41 0.72 1.64 0.04 0.03 2097152 4 disable enable 
S3D-IO 100-100-200-2-2-4-1 517.96 0.24 0.47 617.43 0.72 1.19 0.05 0.03 16777216 5 enable enable 
S3D-IO 100-100-200-2-2-4-1 555.06 0.24 0.44 455.63 0.72 1.61 0.05 0.03 1048576 5 disable enable 
S3D-IO 100-100-200-2-2-4-1 534.84 0.24 0.46 390.16 0.72 1.88 0.05 0.03 1048576 1 enable enable 
S3D-IO 100-100-200-2-2-4-1 612.64 0.24 0.40 322.50 0.72 2.27 0.05 0.03 1048576 1 disable disable 
S3D-IO 100-100-200-2-2-4-1 578.85 0.24 0.42 591.86 0.72 1.24 0.05 0.03 16777216 9 disable enable 
S3D-IO 100-100-200-2-2-4-1 463.95 0.24 0.53 410.96 0.72 1.78 0.05 0.02 8388608 5 enable enable 
S3D-IO 100-100-200-2-2-4-1 453.24 0.24 0.54 284.39 0.72 2.58 0.05 0.03 4194304 1 enable disable 
S3D-IO 100-100-200-2-2-4-1 471.26 0.24 0.52 379.84 0.72 1.93 0.05 0.03 8388608 1 enable enable 
S3D-IO 100-100-200-2-2-4-1 614.52 0.24 0.40 449.50 0.72 1.63 0.05 0.03 2097152 9 enable enable 
S3D-IO 100-100-200-2-2-4-1 559.49 0.24 0.44 394.27 0.72 1.86 0.06 0.03 8388608 5 disable disable 
S3D-IO 100-100-200-2-2-4-1 468.44 0.24 0.52 538.56 0.72 1.36 0.04 0.04 8388608 9 enable disable 
S3D-IO 100-100-200-2-2-4-1 502.83 0.24 0.49 382.95 0.72 1.91 0.04 0.02 1048576 9 enable enable 
S3D-IO 100-100-200-2-2-4-1 567.71 0.24 0.43 507.95 0.72 1.44 0.04 0.03 8388608 7 disable enable 
S3D-IO 100-100-200-2-2-4-1 505.80 0.24 0.48 380.95 0.72 1.92 0.04 0.03 2097152 5 enable enable 
S3D-IO 100-100-200-2-2-4-1 595.50 0.24 0.41 484.87 0.72 1.51 0.04 0.03 1048576 4 enable enable 
S3D-IO 100-100-200-2-2-4-1 550.67 0.24 0.44 405.33 0.72 1.81 0.07 0.04 8388608 5 enable enable 
S3D-IO 100-100-200-2-2-4-1 504.16 0.24 0.48 584.48 0.72 1.25 0.04 0.03 2097152 2 disable enable 
S3D-IO 100-100-200-2-2-4-1 400.00 0.24 0.61 390.34 0.72 1.88 0.04 0.03 8388608 5 disable enable 
S3D-IO 100-100-200-2-2-4-1 503.52 0.24 0.49 444.28 0.72 1.65 0.04 0.03 2097152 7 disable disable 
S3D-IO 100-100-200-2-2-4-1 547.35 0.24 0.45 343.65 0.72 2.13 0.04 0.05 16777216 7 enable enable 
S3D-IO 100-100-200-2-2-4-1 495.81 0.24 0.49 419.73 0.72 1.74 0.05 0.02 1048576 4 disable disable 
S3D-IO 100-100-200-2-2-4-1 444.82 0.24 0.55 316.46 0.72 2.31 0.04 0.04 8388608 1 disable enable 
S3D-IO 100-100-200-2-2-4-1 470.65 0.24 0.52 607.40 0.72 1.21 0.04 0.03 8388608 9 enable disable 
S3D-IO 100-100-200-2-2-4-1 493.85 0.24 0.49 361.24 0.72 2.03 0.06 0.04 1048576 1 disable enable 
S3D-IO 100-100-200-2-2-4-1 460.29 0.24 0.53 583.09 0.72 1.26 0.04 0.02 1048576 2 disable enable 
S3D-IO 100-100-200-2-2-4-1 447.64 0.24 0.55 450.14 0.72 1.63 0.04 0.03 2097152 4 enable disable 
S3D-IO 100-100-200-2-2-4-1 520.24 0.24 0.47 534.46 0.72 1.37 0.04 0.03 4194304 7 disable disable 
S3D-IO 100-100-200-2-2-4-1 484.96 0.24 0.50 457.10 0.72 1.60 0.04 0.03 8388608 4 enable enable 
S3D-IO 100-100-200-2-2-4-1 510.32 0.24 0.48 407.94 0.72 1.80 0.04 0.03 1048576 9 disable disable 
S3D-IO 100-100-200-2-2-4-1 614.27 0.24 0.40 494.42 0.72 1.48 0.04 0.03 4194304 4 enable enable 
S3D-IO 100-100-200-2-2-4-1 519.16 0.24 0.47 464.15 0.72 1.58 0.05 0.02 4194304 1 enable enable 
S3D-IO 100-100-200-2-2-4-1 545.53 0.24 0.45 437.75 0.72 1.67 0.07 0.03 2097152 7 enable disable 
S3D-IO 100-100-200-2-2-4-1 570.05 0.24 0.43 421.46 0.72 1.74 0.09 0.04 8388608 1 disable enable 
S3D-IO 100-100-200-2-2-4-1 444.61 0.24 0.55 405.57 0.72 1.81 0.04 0.03 8388608 5 enable enable 
S3D-IO 100-100-200-2-2-4-1 515.28 0.24 0.47 397.39 0.72 1.84 0.04 0.02 16777216 4 enable enable 
S3D-IO 100-100-200-2-2-4-1 506.37 0.24 0.48 531.87 0.72 1.38 0.03 0.03 4194304 2 disable enable 
S3D-IO 100-100-200-2-2-4-1 533.54 0.24 0.46 299.50 0.72 2.45 0.04 0.03 8388608 1 enable disable 
S3D-IO 100-100-200-2-2-4-1 461.56 0.24 0.53 385.59 0.72 1.90 0.05 0.03 8388608 1 disable disable 
S3D-IO 100-100-200-2-2-4-1 551.35 0.24 0.44 325.88 0.72 2.25 0.04 0.03 1048576 5 enable disable 
S3D-IO 100-100-200-2-2-4-1 551.69 0.24 0.44 370.77 0.72 1.98 0.04 0.03 1048576 5 enable disable 
S3D-IO 100-100-200-2-2-4-1 531.88 0.24 0.46 372.95 0.72 1.96 0.04 0.03 1048576 7 disable disable 
S3D-IO 100-100-200-2-2-4-1 553.15 0.24 0.44 356.67 0.72 2.05 0.04 0.03 16777216 7 enable enable 
S3D-IO 100-100-200-2-2-4-1 491.16 0.24 0.50 426.70 0.72 1.72 0.04 0.02 1048576 4 enable disable 
S3D-IO 100-100-200-2-2-4-1 516.09 0.24 0.47 382.49 0.72 1.91 0.04 0.03 1048576 9 enable enable 
S3D-IO 100-100-200-2-2-4-1 512.73 0.24 0.48 376.35 0.72 1.95 0.04 0.03 16777216 2 enable disable 
S3D-IO 100-100-200-2-2-4-1 539.36 0.24 0.45 405.74 0.72 1.81 0.04 0.03 1048576 5 disable enable 
S3D-IO 100-100-200-2-2-4-1 588.81 0.24 0.42 391.04 0.72 1.87 0.04 0.03 4194304 5 disable enable 
S3D-IO 100-100-200-2-2-4-1 527.45 0.24 0.46 479.84 0.72 1.53 0.04 0.03 2097152 2 disable disable 
S3D-IO 100-100-200-2-2-4-1 562.66 0.24 0.43 464.21 0.72 1.58 0.05 0.03 8388608 4 enable disable 
S3D-IO 100-100-200-2-2-4-1 541.62 0.24 0.45 343.87 0.72 2.13 0.04 0.04 4194304 1 enable disable 
S3D-IO 100-100-200-2-2-4-1 452.67 0.24 0.54 398.05 0.72 1.84 0.04 0.03 1048576 5 enable disable 
S3D-IO 100-100-200-2-2-4-1 592.31 0.24 0.41 537.29 0.72 1.36 0.04 0.03 1048576 1 disable enable 
S3D-IO 100-100-200-2-2-4-1 470.33 0.24 0.52 378.86 0.72 1.93 0.07 0.03 16777216 2 enable disable 
S3D-IO 100-100-200-2-2-4-1 506.99 0.24 0.48 579.91 0.72 1.26 0.04 0.03 1048576 2 enable enable 
S3D-IO 100-100-200-2-2-4-1 543.57 0.24 0.45 438.14 0.72 1.67 0.03 0.04 1048576 4 enable disable 
S3D-IO 100-100-200-2-2-4-1 484.27 0.24 0.50 336.29 0.72 2.18 0.07 0.04 16777216 4 disable enable 
